Rules:
r1: IF ulceration = {0} THEN survival_status = {NaN}(p=115.0, n=0.0, P=205.0, N=0.0, weight=0.9999999458712028)
r2: IF tumor-th = {[2.00,4.00]} AND ulceration = {1} THEN survival_status = {NaN}(p=38.0, n=0.0, P=205.0, N=0.0, weight=0.9999999907280467)
r3: IF ulceration = {1} THEN survival_status = {NaN}(p=90.0, n=0.0, P=205.0, N=0.0, weight=0.9999999458712028)
General information:
voting: true

Estimator:
time, entire-set, r1, r2, r3, 
10.0, 1.0, 1.0,1.0,1.0,
30.0, 1.0, 1.0,1.0,1.0,
35.0, 1.0, 1.0,1.0,1.0,
99.0, 1.0, 1.0,1.0,1.0,
185.0, 0.9950248756218906, 1.0,0.972972972972973,0.9887640449438202,
204.0, 0.9900497512437811, 1.0,0.9459459459459459,0.9775280898876404,
210.0, 0.9850746268656717, 1.0,0.9189189189189189,0.9662921348314606,
232.0, 0.9800995024875623, 1.0,0.8918918918918918,0.9550561797752808,
279.0, 0.9750989948218095, 1.0,0.8648648648648648,0.9436864633493847,
295.0, 0.9700984871560566, 1.0,0.8378378378378378,0.9323167469234884,
355.0, 0.9700984871560566, 1.0,0.8378378378378378,0.9323167469234884,
386.0, 0.96507207012416, 1.0,0.8378378378378378,0.9208066636281367,
426.0, 0.9600456530922633, 1.0,0.8108108108108109,0.909296580332785,
469.0, 0.9550192360603666, 1.0,0.8108108108108109,0.8977864970374334,
493.0, 0.9550192360603666, 1.0,0.8108108108108109,0.8977864970374334,
529.0, 0.9499662242293594, 1.0,0.782851817334576,0.8861269321408434,
621.0, 0.9449132123983521, 1.0,0.7548928238583411,0.8744673672442533,
629.0, 0.9398602005673449, 1.0,0.7269338303821062,0.8628078023476633,
659.0, 0.9348071887363376, 1.0,0.6989748369058714,0.8511482374510733,
667.0, 0.9297541769053305, 1.0,0.6710158434296365,0.8394886725544831,
718.0, 0.9247011650743232, 1.0,0.6710158434296365,0.8278291076578931,
752.0, 0.919648153243316, 1.0,0.6430568499534016,0.816169542761303,
779.0, 0.9145951414123087, 1.0,0.6150978564771667,0.804509977864713,
793.0, 0.9095421295813014, 1.0,0.5871388630009319,0.792850412968123,
817.0, 0.9044891177502942, 0.9910714285714286,0.5871388630009319,0.792850412968123,
826.0, 0.9044891177502942, 0.9910714285714286,0.5871388630009319,0.792850412968123,
833.0, 0.8994077182123712, 0.9910714285714286,0.5871388630009319,0.7810168247148673,
858.0, 0.8943263186744482, 0.9821428571428572,0.5871388630009319,0.7810168247148673,
869.0, 0.8892449191365251, 0.9732142857142858,0.5871388630009319,0.7810168247148673,
872.0, 0.8841635195986022, 0.9642857142857144,0.5871388630009319,0.7810168247148673,
967.0, 0.8790821200606791, 0.9642857142857144,0.5577819198508852,0.7691832364616118,
977.0, 0.874000720522756, 0.9642857142857144,0.5577819198508852,0.7573496482083563,
982.0, 0.868919320984833, 0.9642857142857144,0.5284249767008385,0.7455160599551007,
1041.0, 0.86383792144691, 0.9553571428571429,0.5284249767008385,0.7455160599551007,
1055.0, 0.858756521908987, 0.9553571428571429,0.5284249767008385,0.7336824717018451,
1062.0, 0.8536751223710639, 0.9553571428571429,0.5284249767008385,0.7218488834485896,
1075.0, 0.8485937228331409, 0.9553571428571429,0.5284249767008385,0.710015295195334,
1156.0, 0.8435123232952179, 0.9553571428571429,0.5284249767008385,0.6981817069420784,
1228.0, 0.8384309237572949, 0.9553571428571429,0.5284249767008385,0.6863481186888228,
1252.0, 0.8333495242193718, 0.9553571428571429,0.5284249767008385,0.6745145304355672,
1271.0, 0.8282681246814488, 0.9553571428571429,0.5284249767008385,0.6626809421823115,
1312.0, 0.8231867251435259, 0.9553571428571429,0.49906803355079193,0.6508473539290559,
1427.0, 0.8231867251435259, 0.9553571428571429,0.49906803355079193,0.6508473539290559,
1435.0, 0.8180737641177896, 0.9463443396226415,0.49906803355079193,0.6508473539290559,
1499.0, 0.8180737641177896, 0.9463443396226415,0.49906803355079193,0.6508473539290559,
1506.0, 0.8129286461044702, 0.9463443396226415,0.4697110904007453,0.6390137656758004,
1508.0, 0.8129286461044702, 0.9463443396226415,0.4697110904007453,0.6390137656758004,
1510.0, 0.8129286461044702, 0.9463443396226415,0.4697110904007453,0.6390137656758004,
1512.0, 0.8129286461044702, 0.9463443396226415,0.4697110904007453,0.6390137656758004,
1516.0, 0.8076839451618607, 0.9463443396226415,0.4697110904007453,0.6269569021724833,
1525.0, 0.8076839451618607, 0.9463443396226415,0.4697110904007453,0.6269569021724833,
1542.0, 0.8076839451618607, 0.9463443396226415,0.4697110904007453,0.6269569021724833,
1548.0, 0.8023702349963222, 0.9369745936857837,0.4697110904007453,0.6269569021724833,
1557.0, 0.8023702349963222, 0.9369745936857837,0.4697110904007453,0.6269569021724833,
1560.0, 0.7970211000963467, 0.9275102038505738,0.4697110904007453,0.6269569021724833,
1563.0, 0.7970211000963467, 0.9275102038505738,0.4697110904007453,0.6269569021724833,
1584.0, 0.791635822392993, 0.917948242986135,0.4697110904007453,0.6269569021724833,
1605.0, 0.791635822392993, 0.917948242986135,0.4697110904007453,0.6269569021724833,
1621.0, 0.7862136592259177, 0.917948242986135,0.43839701770736234,0.614663629580866,
1627.0, 0.7862136592259177, 0.917948242986135,0.43839701770736234,0.614663629580866,
1634.0, 0.7862136592259177, 0.917948242986135,0.43839701770736234,0.614663629580866,
1641.0, 0.7862136592259177, 0.917948242986135,0.43839701770736234,0.614663629580866,
1648.0, 0.7862136592259177, 0.917948242986135,0.43839701770736234,0.614663629580866,
1652.0, 0.7862136592259177, 0.917948242986135,0.43839701770736234,0.614663629580866,
1654.0, 0.7862136592259177, 0.917948242986135,0.43839701770736234,0.614663629580866,
1667.0, 0.7804748733921518, 0.917948242986135,0.40708294501397935,0.6023703569892487,
1678.0, 0.7804748733921518, 0.917948242986135,0.40708294501397935,0.6023703569892487,
1685.0, 0.7804748733921518, 0.917948242986135,0.40708294501397935,0.6023703569892487,
1690.0, 0.774650434038479, 0.9071488518921805,0.40708294501397935,0.6023703569892487,
1710.0, 0.774650434038479, 0.9071488518921805,0.40708294501397935,0.6023703569892487,
1726.0, 0.7687370719465823, 0.9071488518921805,0.40708294501397935,0.5900770843976313,
1745.0, 0.7687370719465823, 0.9071488518921805,0.40708294501397935,0.5900770843976313,
1762.0, 0.7687370719465823, 0.9071488518921805,0.40708294501397935,0.5900770843976313,
1779.0, 0.7687370719465823, 0.9071488518921805,0.40708294501397935,0.5900770843976313,
1787.0, 0.7687370719465823, 0.9071488518921805,0.40708294501397935,0.5900770843976313,
1793.0, 0.7687370719465823, 0.9071488518921805,0.40708294501397935,0.5900770843976313,
1804.0, 0.7687370719465823, 0.9071488518921805,0.40708294501397935,0.5900770843976313,
1812.0, 0.7687370719465823, 0.9071488518921805,0.40708294501397935,0.5900770843976313,
1836.0, 0.7687370719465823, 0.9071488518921805,0.40708294501397935,0.5900770843976313,
1839.0, 0.7687370719465823, 0.9071488518921805,0.40708294501397935,0.5900770843976313,
1854.0, 0.7687370719465823, 0.9071488518921805,0.40708294501397935,0.5900770843976313,
1856.0, 0.7687370719465823, 0.9071488518921805,0.40708294501397935,0.5900770843976313,
1860.0, 0.7687370719465823, 0.9071488518921805,0.40708294501397935,0.5900770843976313,
1864.0, 0.7687370719465823, 0.9071488518921805,0.40708294501397935,0.5900770843976313,
1899.0, 0.7687370719465823, 0.9071488518921805,0.40708294501397935,0.5900770843976313,
1914.0, 0.7687370719465823, 0.9071488518921805,0.40708294501397935,0.5900770843976313,
1919.0, 0.7687370719465823, 0.9071488518921805,0.40708294501397935,0.5900770843976313,
1920.0, 0.7687370719465823, 0.9071488518921805,0.40708294501397935,0.5900770843976313,
1927.0, 0.7687370719465823, 0.9071488518921805,0.40708294501397935,0.5900770843976313,
1933.0, 0.7617485531107042, 0.8943721074993329,0.40708294501397935,0.5900770843976313,
1942.0, 0.7617485531107042, 0.8943721074993329,0.40708294501397935,0.5900770843976313,
1955.0, 0.7617485531107042, 0.8943721074993329,0.40708294501397935,0.5900770843976313,
1956.0, 0.7617485531107042, 0.8943721074993329,0.40708294501397935,0.5900770843976313,
1958.0, 0.7617485531107042, 0.8943721074993329,0.40708294501397935,0.5900770843976313,
1963.0, 0.7617485531107042, 0.8943721074993329,0.40708294501397935,0.5900770843976313,
1970.0, 0.7617485531107042, 0.8943721074993329,0.40708294501397935,0.5900770843976313,
2005.0, 0.7617485531107042, 0.8943721074993329,0.407082945013979